    210.5    210.9    213.8    209.3    214.7    214.2    214.4    211.8
    213.9    213.6    214.5    214.3    213.2    215.5    210.9    212.3
    215.4    212.4    210.6    210.4    216.2    209.9    211.4    213.7
    213.9    209.2    210.4    211.8    215.8    216.4    216.1    209.6
    217.5    209.8    210.8    216.4    209.4    217.0    212.3    217.7
    216.5    214.4    217.2    215.5    217.6    211.6    211.8    213.7
    217.0    211.3    217.2    211.2    210.2    215.1    217.2    211.9
    216.8    217.5    212.1    217.5    212.9    217.2    211.0    215.2
    216.8    211.6    210.9    216.4    210.8    213.0    210.9    217.2
    217.3    216.2    213.4    209.2    215.9    212.1    210.5    211.3
    215.5    212.7    216.6    214.2    215.9    209.4    212.1    217.6
    213.2    213.5    217.6    214.6    211.1    209.6    213.6    213.7
    209.2    210.4    214.7    215.0    0.0

    207.3    211.7    208.0    209.4    208.2    209.7    211.7    211.1
    212.6    207.8    208.0    211.6    207.7    213.2    213.3    212.0
    214.5    214.4    211.9    209.3    208.0    207.4    213.6    214.4
    214.3    211.0    214.6    214.4    210.9    211.9    211.5    215.3
    209.2    215.2    213.4    214.7    209.1    209.9    213.5    213.5
    212.9    211.5    212.7    212.4    214.2    212.8    209.4    212.3
    209.2    210.5    210.2    212.7    208.7    208.6    214.2    213.4
    209.6    210.5    213.2    210.2    210.7    207.9    213.7    210.3
    210.0    213.7    211.0    210.6    212.8    209.4    209.1    214.8
    209.4    211.5    211.7    207.4    207.1    210.1    208.1    207.7
    211.8    208.3    208.4    210.5    212.3    211.9    213.5    214.2
    214.2    214.9    211.5    214.5    208.6    214.5    209.3    211.2
    212.3    210.9    209.4    208.5    210.2    212.2    211.2    211.2
    207.7    0.0

    215.0    213.2    212.0    213.1    212.0    215.1    210.6    209.9
    216.5    208.5    212.1    215.4    208.3    212.3    209.6    208.6
    215.9    208.1    212.2    208.1    213.7    214.2    215.9    209.2
    214.9    215.2    210.2    215.0    216.0    212.0    212.3    208.8
    216.4    215.5    215.3    213.4    210.6    215.5    213.3    212.1
    209.5    214.8    212.7    215.9    211.6    211.8    210.4    215.0
    209.4    208.2    212.2    209.8    214.9    215.3    210.2    214.8
    216.4    212.5    211.9    208.3    215.9    212.3    212.0    212.7
    212.1    212.8    211.3    210.0    214.5    213.6    211.1    211.0
    210.3    215.1    208.5    210.9    214.4    211.6    209.2    210.6
    210.3    213.3    211.9    209.4    210.3    210.4    208.3    210.3
    212.5    211.0    210.9    213.1    211.6    211.3    211.3    0.0

    208.6    214.5    208.4    213.4    214.1    212.2    213.4    217.0
    215.4    210.8    211.0    209.7    210.6    209.6    215.2    211.0
    218.2    215.9    208.3    209.7    211.5    214.7    213.6    216.8
    208.4    211.6    208.2    209.9    214.8    211.4    211.4    216.1
    212.9    213.7    217.3    216.9    216.8    211.4    215.0    211.8
    209.3    213.0    217.7    216.2    210.7    216.9    217.1    214.9
    214.0    217.7    214.7    214.7    209.6    208.9    208.4    209.7
    212.1    214.8    217.5    218.7    216.9    215.0    218.0    213.7
    217.9    211.0    216.3    211.0    210.7    211.1    211.1    209.9
    208.6    214.0    209.9    213.6    214.3    209.5    208.7    215.7
    209.8    218.6    218.4    209.3    209.7    212.6    210.3    213.9
    212.0    208.6    218.7    213.9    212.3    214.0    210.9    209.8
    217.9    216.0    215.1    218.4    0.0

    210.4    217.6    215.4    216.4    218.8    216.6    211.6    219.5
    222.4    215.6    219.8    214.7    210.4    209.2    219.9    210.2
    221.5    209.6    213.3    215.8    221.0    216.4    209.5    213.0
    209.8    212.7    219.7    217.1    211.2    217.9    216.7    212.0
    220.3    213.6    212.2    219.2    210.5    221.5    220.2    217.7
    218.7    215.3    222.5    211.8    210.3    208.7    208.8    213.6
    209.0    209.0    217.8    216.1    216.6    215.1    215.4    216.0
    212.0    211.5    214.1    212.3    219.9    217.7    219.5    218.7
    218.6    208.5    216.3    222.7    210.3    213.4    215.2    222.2
    217.7    218.8    222.6    208.8    209.8    218.0    218.6    219.8
    211.3    221.8    212.5    209.7    221.4    215.2    212.8    210.4
    218.5    219.5    214.2    209.4    209.8    210.8    217.9    211.3
    211.6    219.2    211.3    215.6    212.6    222.3    212.7    212.9
    0.0

    210.9    208.5    219.4    211.8    213.4    220.7    210.0    220.1
    209.7    208.3    214.0    220.3    210.9    220.0    212.9    224.1
    225.2    218.8    218.3    215.3    221.9    218.2    224.2    222.8
    224.4    215.8    227.4    217.1    208.7    213.2    210.3    227.1
    210.8    212.8    226.5    220.6    212.4    217.1    220.3    213.1
    217.1    210.2    221.8    219.6    215.0    214.0    222.2    208.2
    222.1    212.7    226.4    209.6    219.9    225.8    208.3    221.2
    209.6    214.7    220.3    209.4    219.2    209.4    216.2    208.3
    210.3    215.3    221.8    222.3    223.3    217.2    225.1    215.4
    210.6    221.4    215.5    216.0    215.5    214.0    223.6    225.1
    222.4    220.2    212.1    218.6    208.3    215.3    211.2    217.7
    218.6    219.6    222.1    217.5    225.7    219.4    214.9    211.9
    0.0

    210.6    220.4    229.0    215.5    210.5    229.1    222.4    228.4
    230.0    226.7    212.8    219.7    228.5    225.5    213.3    215.1
    230.6    222.5    216.3    222.2    219.5    227.1    216.9    230.9
    227.5    226.0    227.3    228.2    227.4    216.4    225.8    209.3
    223.0    228.7    230.9    224.7    221.6    227.3    225.8    228.4
    226.3    211.2    228.1    213.7    215.0    210.7    217.2    228.8
    208.7    213.4    225.7    221.8    227.4    231.1    229.0    211.1
    222.5    210.4    217.4    216.2    230.0    214.9    211.4    226.1
    228.2    226.5    227.6    225.8    230.7    212.6    218.4    225.4
    222.1    229.8    210.2    231.4    228.0    213.3    217.6    209.2
    231.4    221.1    215.1    215.4    212.9    220.3    213.0    211.8
    222.5    217.5    227.0    209.2    222.9    223.4    223.1    217.2
    218.7    223.3    226.1    225.7    215.7    226.3    0.0

    230.2    211.7    218.2    212.8    219.5    213.8    223.7    216.2
    210.4    228.0    224.0    228.9    214.7    211.2    210.1    229.4
    229.4    221.7    222.9    212.9    218.7    211.1    212.0    212.2
    212.9    222.7    223.1    210.2    221.3    220.8    230.6    216.0
    224.3    225.8    213.2    214.6    220.0    212.1    219.5    229.5
    224.9    211.5    213.0    220.3    214.7    223.8    231.8    219.1
    226.1    231.6    217.5    218.0    218.1    220.7    216.9    223.5
    212.9    227.9    211.3    221.5    214.5    215.3    219.7    214.0
    215.7    226.2    210.1    216.3    222.7    212.0    230.2    230.4
    220.4    218.0    216.6    228.6    218.8    216.1    213.5    217.1
    225.6    219.2    226.2    226.5    229.5    219.0    211.6    221.8
    228.2    215.8    213.4    230.5    219.3    226.8    226.9    229.5
    222.0    219.3    211.5    211.6    213.6    220.7    221.1    225.2
    213.9    231.8    219.9    221.7    216.6    226.7    228.7    224.5
    230.9    210.4    224.9    222.4    210.4    229.4    231.2    222.9
    0.0

    212.9    230.4    227.7    213.6    214.8    218.0    214.2    225.1
    221.9    218.6    223.1    231.7    222.5    224.2    221.0    229.7
    216.9    233.2    221.6    216.0    230.7    218.2    226.1    218.9
    228.0    215.7    213.8    226.7    228.5    232.3    219.0    229.9
    220.2    216.3    215.4    211.6    229.4    224.0    212.0    221.9
    215.2    216.0    224.5    227.6    229.0    225.7    227.4    218.5
    229.0    213.7    228.0    225.9    222.1    225.6    222.8    214.6
    224.3    224.1    212.0    225.1    212.4    225.1    220.2    226.9
    211.6    228.3    221.6    227.8    216.5    228.9    217.8    220.5
    232.7    213.1    223.3    213.1    215.2    232.8    215.7    223.2
    224.9    230.6    217.7    228.0    232.1    232.6    225.0    227.0
    213.5    212.0    222.1    221.4    226.7    231.9    213.6    233.0
    229.1    224.4    212.4    222.0    0.0

    228.3    228.0    213.5    218.8    220.2    217.2    228.4    215.7
    228.6    230.9    223.8    217.5    216.6    224.5    226.6    224.2
    223.0    234.5    223.8    224.9    215.7    228.3    225.7    233.6
    223.7    232.4    218.0    231.3    219.8    225.6    235.6    225.2
    231.3    221.0    226.8    228.0    233.1    235.3    221.6    226.7
    220.0    221.2    234.9    221.3    225.8    235.2    229.6    235.4
    227.5    230.8    233.0    234.3    226.9    232.2    222.0    220.0
    214.5    222.0    220.0    229.0    229.5    218.8    233.0    220.2
    230.0    225.1    230.5    217.1    224.6    217.7    214.2    233.8
    233.9    233.0    233.3    224.0    227.7    235.7    220.1    223.6
    226.7    216.0    234.6    217.2    230.3    215.9    217.0    225.9
    214.7    224.4    229.6    225.1    235.2    235.5    232.2    220.8
    235.8    220.9    224.5    217.5    0.0

    219.0    232.5    218.3    216.1    223.1    228.3    221.1    223.0
    234.9    215.4    226.0    220.3    233.2    217.5    216.9    222.2
    235.3    222.2    217.8    220.6    215.5    217.8    229.9    226.7
    229.3    234.2    227.8    220.5    227.2    224.8    217.4    236.8
    216.3    234.9    219.0    228.3    222.8    229.7    235.3    217.9
    224.2    219.3    236.7    231.6    218.5    223.2    236.7    221.3
    226.7    225.6    226.9    225.9    223.3    219.6    215.8    220.5
    235.5    228.6    221.0    232.1    230.8    235.5    218.7    228.5
    226.2    236.0    230.6    231.8    227.4    220.7    223.4    222.2
    216.2    224.8    237.3    226.4    237.3    237.3    228.0    234.4
    221.8    234.4    230.9    215.8    225.7    229.7    229.0    229.7
    231.1    232.5    231.3    231.6    221.4    223.3    227.7    216.4
    237.6    227.8    221.5    222.2    0.0

    230.2    230.4    220.1    236.1    225.0    226.5    225.8    222.4
    218.5    231.1    222.6    233.9    220.0    240.7    218.4    224.0
    232.4    226.2    239.6    218.7    232.1    232.2    223.4    220.7
    229.2    238.3    229.1    222.3    223.6    233.3    231.6    234.9
    236.9    233.7    224.3    236.2    226.0    227.5    227.3    231.4
    228.7    222.9    228.3    225.4    239.2    232.5    238.9    221.9
    219.4    223.4    226.7    219.8    238.6    221.5    234.3    218.1
    240.2    219.5    227.8    233.6    220.5    226.4    225.6    219.0
    237.3    236.3    238.8    239.1    218.1    233.0    219.1    230.4
    238.7    228.8    222.5    220.3    240.6    235.3    237.2    225.4
    238.8    221.3    219.4    236.4    228.7    220.1    230.4    230.7
    235.7    239.6    221.9    219.9    232.1    218.1    223.2    238.1
    239.3    240.8    235.8    220.6    0.0

    237.7    241.1    236.0    220.3    227.4    228.3    233.5    225.4
    234.3    232.8    226.5    240.8    224.4    241.2    240.8    232.8
    240.6    240.2    235.5    220.7    227.9    220.7    237.5    237.9
    241.7    223.1    220.9    230.6    227.7    228.2    230.4    235.4
    239.8    239.1    228.4    223.4    224.7    230.6    223.3    239.8
    229.3    232.3    239.7    237.5    241.7    230.1    235.8    222.9
    231.4    237.3    235.0    240.3    234.6    229.3    234.2    221.8
    231.4    234.6    235.1    236.1    226.7    220.0    228.3    226.7
    222.5    235.6    233.2    222.7    228.9    237.7    234.3    240.8
    220.5    227.9    223.0    226.5    220.9    231.7    241.3    233.8
    224.2    234.3    231.8    233.3    241.5    232.6    228.9    222.1
    238.6    232.0    241.2    220.9    240.6    242.5    235.3    220.0
    221.1    231.8    229.1    225.2    223.4    237.9    221.9    223.8
    228.3    241.0    237.8    231.4    227.0    241.5    241.8    229.8
    233.2    223.5    239.8    237.0    219.7    230.4    220.8    238.6
    0.0

    234.1    222.4    238.1    233.5    224.3    228.1    228.3    224.6
    240.4    223.2    231.0    241.3    224.8    231.4    241.2    227.8
    231.3    229.3    231.4    221.2    231.7    232.2    240.6    230.3
    242.2    237.7    239.8    222.4    242.6    234.1    239.7    222.0
    237.4    240.1    224.2    242.6    222.2    222.8    224.2    233.9
    230.3    220.9    242.0    235.9    235.3    228.0    237.2    241.1
    233.7    224.1    220.0    223.7    226.2    220.7    235.2    238.5
    226.1    232.9    223.8    231.0    230.5    241.9    228.2    233.8
    227.4    233.6    223.5    232.6    232.0    227.7    236.9    227.6
    227.0    231.0    233.0    224.2    221.6    227.2    232.6    226.6
    221.9    240.2    222.5    235.9    224.8    225.2    242.7    221.1
    223.0    229.7    221.1    238.8    230.1    241.5    229.8    241.5
    232.4    225.9    237.7    224.2    0.0

    228.2    245.2    230.9    242.2    237.8    232.6    235.6    225.8
    231.6    241.5    235.7    238.9    234.7    230.4    237.6    224.6
    241.6    242.3    231.2    224.4    242.4    244.5    229.0    226.1
    230.8    233.6    227.2    234.0    241.2    224.4    225.3    232.0
    222.8    223.6    228.4    222.3    231.8    237.5    240.6    232.9
    223.1    241.0    231.3    228.9    238.1    238.4    234.7    233.1
    235.4    237.5    226.2    226.4    232.0    233.7    227.6    238.4
    224.1    222.8    226.2    236.3    238.9    235.3    231.8    230.8
    233.3    234.7    231.1    244.7    224.5    235.5    235.7    223.5
    241.0    237.7    241.7    245.0    232.4    227.7    238.0    233.1
    240.2    230.0    232.9    243.9    232.8    224.7    239.8    237.8
    242.3    232.7    223.3    230.9    245.5    230.3    241.2    240.2
    226.0    230.8    233.3    228.7    0.0
